0 0.18
1 0.3487
2 0.4579
3 0.5181
4 0.5972
5 0.6622
6 0.6633
7 0.7191
8 0.7174
9 0.7203
10 0.7189
11 0.6972
12 0.7426
13 0.7694
14 0.7753
15 0.7673
16 0.7881
17 0.7615
18 0.8064
19 0.8053
20 0.7944
21 0.7928
22 0.8056
23 0.8002
24 0.8196
25 0.8217
26 0.8265
27 0.8175
28 0.7903
29 0.818
30 0.7988
31 0.7988
32 0.8221
33 0.8272
34 0.8306
35 0.8245
36 0.8323
37 0.8215
38 0.8002
39 0.819
40 0.8286
41 0.8175
42 0.8309
43 0.8209
44 0.8414
45 0.8323
46 0.8239
47 0.8342
48 0.8352
49 0.84
50 0.8306
51 0.8403
52 0.8298
53 0.8248
54 0.8376
55 0.8388
56 0.8335
57 0.8269
58 0.8364
59 0.837
60 0.8371
61 0.8356
62 0.8315
63 0.8366
64 0.8236
65 0.8265
66 0.823
67 0.8353
68 0.8254
69 0.826
70 0.8467
71 0.8398
72 0.827
73 0.8433
74 0.8289
75 0.8256
76 0.8476
77 0.8473
78 0.8501
79 0.8491
80 0.8454
81 0.8314
82 0.8432
83 0.8423
84 0.8261
85 0.8421
86 0.8361
87 0.8485
88 0.8371
89 0.8274
90 0.8326
91 0.8484
92 0.8308
93 0.8456
94 0.8352
95 0.8245
96 0.8428
97 0.8373
98 0.8503
99 0.8484
100 0.8502
101 0.8441
102 0.8454
103 0.8383
104 0.8469
105 0.8398
106 0.844
107 0.8401
108 0.8429
109 0.8517
110 0.8499
111 0.8365
112 0.8494
113 0.841
114 0.8335
115 0.8463
116 0.8422
117 0.8295
118 0.8396
119 0.8456
120 0.8551
121 0.8471
122 0.8536
123 0.8385
124 0.8417
125 0.8393
126 0.8488
127 0.8468
128 0.8487
129 0.8522
130 0.8517
131 0.8521
132 0.8455
133 0.8397
134 0.8518
135 0.8495
136 0.8466
137 0.8472
138 0.8433
139 0.849
140 0.852
141 0.8547
142 0.8484
143 0.8462
144 0.8535
145 0.845
146 0.8509
147 0.8507
148 0.8523
149 0.855
150 0.8527
151 0.8491
152 0.8485
153 0.8507
154 0.8499
155 0.8511
156 0.8442
157 0.8541
158 0.8572
159 0.8433
160 0.856
161 0.8527
162 0.8529
163 0.8443
164 0.8525
165 0.8542
166 0.8518
167 0.8523
168 0.8529
169 0.8577
170 0.8486
171 0.8466
172 0.8467
173 0.8502
174 0.8496
175 0.8495
176 0.8528
177 0.8552
178 0.856
179 0.8541
180 0.8442
181 0.8524
182 0.8511
183 0.8598
184 0.8534
185 0.856
186 0.8562
187 0.8477
188 0.8545
189 0.852
190 0.8525
191 0.8461
192 0.8549
193 0.8522
194 0.8501
195 0.8532
196 0.857
197 0.8491
198 0.8489
199 0.8593
200 0.8477
201 0.8524
202 0.8558
203 0.8451
204 0.8574
205 0.853
206 0.8522
207 0.8501
208 0.8543
209 0.8417
210 0.8478
211 0.8586
212 0.8482
213 0.8489
214 0.8538
215 0.849
216 0.8552
217 0.8557
218 0.8475
219 0.8327
220 0.8555
221 0.8522
222 0.8483
223 0.8513
224 0.8538
225 0.8544
226 0.8564
227 0.8487
228 0.8569
229 0.8552
230 0.8549
231 0.8562
232 0.851
233 0.8574
234 0.8556
235 0.8572
236 0.852
237 0.8498
238 0.8543
239 0.8579
240 0.8593
241 0.8554
242 0.8556
243 0.8544
244 0.8529
245 0.8591
246 0.8516
247 0.8587
248 0.8541
249 0.8524
250 0.8563
251 0.8564
252 0.8515
253 0.8593
254 0.8495
255 0.8485
256 0.852
257 0.8576
258 0.855
259 0.8527
260 0.8511
261 0.8537
262 0.8419
263 0.8525
264 0.8559
265 0.8504
266 0.8501
267 0.8599
268 0.8541
269 0.8552
270 0.8495
271 0.8574
272 0.8561
273 0.8638
274 0.8589
275 0.8549
276 0.8567
277 0.8581
278 0.8534
279 0.8556
280 0.8542
281 0.8535
282 0.8568
283 0.8559
284 0.8538
285 0.8502
286 0.8546
287 0.8583
288 0.8579
289 0.8585
290 0.8598
291 0.8567
292 0.8545
293 0.8577
294 0.8566
295 0.8524
296 0.8599
297 0.8522
298 0.8535
299 0.852
300 0.8527
301 0.8609
302 0.8649