0 0.2382
1 0.3663
2 0.4399
3 0.5037
4 0.5552
5 0.663
6 0.7007
7 0.6967
8 0.728
9 0.7415
10 0.7378
11 0.7504
12 0.7389
13 0.7801
14 0.7636
15 0.7892
16 0.7862
17 0.7689
18 0.7728
19 0.7979
20 0.8122
21 0.8019
22 0.7948
23 0.8146
24 0.8222
25 0.8142
26 0.8192
27 0.8219
28 0.8219
29 0.831
30 0.8138
31 0.8291
32 0.8399
33 0.8315
34 0.8226
35 0.8354
36 0.8046
37 0.8186
38 0.8174
39 0.8195
40 0.8362
41 0.8317
42 0.8266
43 0.8299
44 0.825
45 0.8379
46 0.8288
47 0.8364
48 0.8352
49 0.8364
50 0.841
51 0.8489
52 0.8438
53 0.8407
54 0.8407
55 0.8442
56 0.8263
57 0.8472
58 0.8408
59 0.8335
60 0.8517
61 0.8465
62 0.8439
63 0.8435
64 0.83
65 0.8434
66 0.8368
67 0.851
68 0.8432
69 0.8392
70 0.8466
71 0.8463
72 0.8301
73 0.8402
74 0.8456
75 0.8402
76 0.8419
77 0.8433
78 0.8471
79 0.8512
80 0.85
81 0.8404
82 0.8516
83 0.8471
84 0.8509
85 0.8521
86 0.8544
87 0.8494
88 0.8493
89 0.8485
90 0.8501
91 0.8435
92 0.8397
93 0.8384
94 0.8405
95 0.8447
96 0.8447
97 0.8488
98 0.843
99 0.8375
100 0.84
101 0.8533
102 0.8443
103 0.8454
104 0.8446
105 0.8464
106 0.8449
107 0.8443
108 0.8431
109 0.8436
110 0.8376
111 0.8473
112 0.8506
113 0.8438
114 0.8501
115 0.8501
116 0.8521
117 0.846
118 0.8425
119 0.8446
120 0.8567
121 0.8437
122 0.8429
123 0.8345
124 0.8365
125 0.8492
126 0.8513
127 0.8512
128 0.8489
129 0.8469
130 0.852
131 0.8495
132 0.851
133 0.8563
134 0.8475
135 0.8544
136 0.8459
137 0.8488
138 0.8533
139 0.8468
140 0.8509
141 0.8595
142 0.8487
143 0.8536
144 0.8543
145 0.8539
146 0.8537
147 0.8553
148 0.8487
149 0.8519
150 0.8426
151 0.8483
152 0.8461
153 0.8539
154 0.8546
155 0.8498
156 0.8515
157 0.8563
158 0.8489
159 0.8442
160 0.8568
161 0.8483
162 0.8572
163 0.8493
164 0.851
165 0.8537
166 0.8487
167 0.8513
168 0.8508
169 0.8546
170 0.8531
171 0.8595
172 0.8544
173 0.8542
174 0.853
175 0.8437
176 0.853
177 0.8527
178 0.8383
179 0.8564
180 0.8568
181 0.8487
182 0.8556
183 0.8585
184 0.8605
185 0.8485
186 0.8556
187 0.8507
188 0.8544
189 0.8584
190 0.838
191 0.8538
192 0.8546
193 0.8539
194 0.856
195 0.8447
196 0.8586
197 0.8589
198 0.8557
199 0.8518
200 0.8607
201 0.8574
202 0.8522
203 0.8509
204 0.8513
205 0.8591
206 0.8529
207 0.8572
208 0.8591
209 0.8537
210 0.8524
211 0.8528
212 0.8531
213 0.8487
214 0.8568
215 0.8553
216 0.8536
217 0.8522
218 0.8543
219 0.8515
220 0.8514
221 0.8581
222 0.8559
223 0.8562
224 0.8522
225 0.8504
226 0.8574
227 0.8568
228 0.8506
229 0.8606
230 0.8543
231 0.8483
232 0.8524
233 0.8541
234 0.855
235 0.855
236 0.8527
237 0.8564
238 0.8558
239 0.8564
240 0.8475
241 0.8565
242 0.8592
243 0.8558
244 0.8566
245 0.8558
246 0.8576
247 0.8551
248 0.8607
249 0.8574
250 0.8518
251 0.8584
252 0.8568
253 0.8542
254 0.8542
255 0.8604
256 0.8448
257 0.862
258 0.8505
259 0.8475
260 0.8573
261 0.8579
262 0.8546
263 0.8573
264 0.8505
265 0.8577
266 0.8631
267 0.8614
268 0.8614
269 0.8581
270 0.8604
271 0.8519
272 0.856
273 0.8522
274 0.86
275 0.8608
276 0.8589
277 0.8568
278 0.857
279 0.8593
280 0.8539
281 0.8461
282 0.8616
283 0.8576
284 0.8588
285 0.8598
286 0.8478
287 0.8591
288 0.8555
289 0.8533
290 0.8607
291 0.8585
292 0.8577
293 0.8631
294 0.857
295 0.8586
296 0.861
297 0.865
298 0.8644
299 0.8518
300 0.8632
301 0.8585
302 0.8501
303 0.8557
304 0.8574
305 0.8559
306 0.8535
307 0.8632
308 0.8591
309 0.8559
310 0.8585
311 0.8602
312 0.8536
313 0.8611
314 0.8605
315 0.8559
316 0.8621
317 0.8629
318 0.8569
319 0.8562
320 0.8632
321 0.8648
322 0.8619
323 0.8605
324 0.8596
325 0.8505
326 0.8545
327 0.8619
328 0.8572
329 0.8582
330 0.8602
331 0.8612
332 0.8615