0 0.1
1 0.5907
2 0.6719
3 0.6803
4 0.7576
5 0.7658
6 0.7856
7 0.776
8 0.7959
9 0.8064
10 0.8077
11 0.8265
12 0.8274
13 0.785
14 0.8225
15 0.8126
16 0.833
17 0.8073
18 0.8192
19 0.8446
20 0.8263
21 0.816
22 0.7682
23 0.8438
24 0.8451
25 0.8406
26 0.8321
27 0.8329
28 0.8493
29 0.8491
30 0.8684
31 0.8519
32 0.8632
33 0.8473
34 0.8485
35 0.851
36 0.858
37 0.8595
38 0.8652
39 0.8571
40 0.8394
41 0.8668
42 0.8544
43 0.8588
44 0.8735
45 0.8597
46 0.8618
47 0.8659
48 0.8613
49 0.8693
50 0.8717
51 0.8689
52 0.8597
53 0.8632
54 0.8682
55 0.8674
56 0.8685
57 0.8663
58 0.8658
59 0.8689
60 0.8586
61 0.8572
62 0.8657
63 0.8763
64 0.8716
65 0.8781
66 0.8753
67 0.879
68 0.8737
69 0.8716
70 0.8592
71 0.8703
72 0.8734
73 0.876
74 0.8652
75 0.8746
76 0.8814
77 0.8764
78 0.884
79 0.869
80 0.8719
81 0.8844
82 0.8737
83 0.8629
84 0.8712
85 0.8664
86 0.8677
87 0.8789
88 0.8836
89 0.8745
90 0.8709
91 0.879
92 0.8821
93 0.8764
94 0.8775
95 0.8801
96 0.8879
97 0.8811
98 0.8769
99 0.8805
100 0.8779
101 0.8747
102 0.8794
103 0.8897
104 0.87
105 0.8639
106 0.8869
107 0.8852
108 0.8813
109 0.8732
110 0.8734
111 0.8798
112 0.8853
113 0.8796
114 0.8778
115 0.8864
116 0.8849
117 0.8873
118 0.8818
119 0.8789
120 0.8633
121 0.878
122 0.8801
123 0.875
124 0.8878
125 0.8811
126 0.8841
127 0.8848
128 0.879
129 0.8821
130 0.8888
131 0.8933
132 0.888
133 0.8799
134 0.8915
135 0.8895
136 0.8828
137 0.8861
138 0.8808
139 0.8862
140 0.8811
141 0.8923
142 0.8774
143 0.8891
144 0.8813
145 0.8801
146 0.8857
147 0.883
148 0.889
149 0.8925
150 0.8844
151 0.8831
152 0.8844
153 0.8853
154 0.8753
155 0.8913
156 0.8874
157 0.8859
158 0.8917
159 0.8903
160 0.8816
161 0.8914
162 0.8872
163 0.8818
164 0.8895
165 0.8803
166 0.8836
167 0.8848
168 0.8919
169 0.8854
170 0.8863
171 0.8853
172 0.8894
173 0.8886
174 0.8905
175 0.8832
176 0.8871
177 0.8793
178 0.8775
179 0.8829
180 0.8932
181 0.8932
182 0.8927
183 0.8807
184 0.8887
185 0.8975
186 0.8886
187 0.8855
188 0.8869
189 0.8885
190 0.8924
191 0.8857
192 0.8903
193 0.8865
194 0.8872
195 0.8934
196 0.8867
197 0.881
198 0.8827
199 0.8916
200 0.8941
201 0.8867
202 0.8915
203 0.8895
204 0.8937
205 0.8899
206 0.888
207 0.8947
208 0.8892
209 0.8884
210 0.8797
211 0.8874
212 0.8919
213 0.8915
214 0.8855
215 0.8925
216 0.8936
217 0.8866
218 0.8892
219 0.8848
220 0.8867
221 0.8929
222 0.8907
223 0.8888
224 0.8863
225 0.8859
226 0.8808
227 0.8906
228 0.895
229 0.8931
230 0.892
231 0.8935
232 0.8945
233 0.8879
234 0.8815
235 0.8921
236 0.8823
237 0.889
238 0.8891
239 0.8912
240 0.8978
241 0.8914
242 0.8956
243 0.896
244 0.8873
245 0.8922
246 0.8857
247 0.8878
248 0.8912
249 0.8939
250 0.8914
251 0.8931
252 0.8922
253 0.8943
254 0.9
255 0.8876
256 0.8928
257 0.8857
258 0.8958
259 0.8937
260 0.8935
261 0.8894
262 0.8924
263 0.8881
264 0.8875
265 0.8934
266 0.8934
267 0.8877
268 0.8951
269 0.8851
270 0.8876
271 0.8905
272 0.8866
273 0.8925
274 0.8872
275 0.8835
276 0.8919
277 0.8996
278 0.8934
279 0.8869
280 0.8961
281 0.8979
282 0.8962
283 0.8993
284 0.8992
285 0.9004
286 0.8927
287 0.8908
288 0.8894
289 0.8949
290 0.8946
291 0.8953
292 0.8988
293 0.8842
294 0.8948
295 0.8965
296 0.8935
297 0.8821
298 0.8888
299 0.893
300 0.896
301 0.8863
302 0.8956
303 0.8895
304 0.8947
305 0.8885
306 0.8951
307 0.889
308 0.8953
309 0.8836
310 0.8943
311 0.8895
312 0.896
313 0.8969
314 0.898
315 0.8922
316 0.8935
317 0.8873
318 0.8946
319 0.8933
320 0.8844
321 0.8869
322 0.8926
323 0.892
324 0.8921
325 0.8942
326 0.8949
327 0.8853
328 0.89
329 0.8886
330 0.8844
331 0.8932
332 0.894
333 0.8949
334 0.8958
335 0.8899
336 0.8929
337 0.8895
338 0.8966
339 0.8964
340 0.8984
341 0.8973
342 0.8938
343 0.8922
344 0.8968
345 0.8952
346 0.8922
347 0.8894
348 0.8941
349 0.8958
350 0.8952
351 0.901
352 0.8933
353 0.8923
354 0.895
355 0.8948
356 0.8919
357 0.8977
358 0.8919
359 0.8867
360 0.8976
361 0.8995
362 0.898
363 0.8961
364 0.8984
365 0.889
366 0.894
367 0.8925
368 0.8936
369 0.8961
370 0.8966
371 0.8943
372 0.8965
373 0.8844
374 0.8904
375 0.8992
376 0.8939
377 0.8969
378 0.8867
379 0.896
380 0.8915
381 0.8935
382 0.8929
383 0.8943
384 0.8994
385 0.8956
386 0.8995
387 0.8915
388 0.8868
389 0.8952
390 0.8941
391 0.8986
392 0.8996
393 0.8975
394 0.9019
395 0.8991
396 0.8964
397 0.8951
398 0.8985
399 0.8953
