0 0.1296
1 0.1238
2 0.1134
3 0.2144
4 0.2923
5 0.3217
6 0.3896
7 0.4051
8 0.4488
9 0.498
10 0.513
11 0.5116
12 0.5611
13 0.5972
14 0.6223
15 0.6337
16 0.63
17 0.688
18 0.6741
19 0.7128
20 0.7065
21 0.7366
22 0.751
23 0.7767
24 0.7644
25 0.7921
26 0.7883
27 0.8047
28 0.7956
29 0.7584
30 0.8008
31 0.8187
32 0.8109
33 0.821
34 0.8305
35 0.8376
36 0.8131
37 0.8323
38 0.8203
39 0.8122
40 0.8316
41 0.7851
42 0.8419
43 0.8261
44 0.8402
45 0.8368
46 0.8497
47 0.8432
48 0.8434
49 0.845
50 0.8299
51 0.8451
52 0.8519
53 0.8389
54 0.8463
55 0.8568
56 0.8578
57 0.8503
58 0.8425
59 0.8546
60 0.8529
61 0.862
62 0.8557
63 0.8559
64 0.8545
65 0.8624
66 0.8619
67 0.8559
68 0.8628
69 0.8643
70 0.8633
71 0.8624
72 0.8617
73 0.8541
74 0.8493
75 0.8523
76 0.8577
77 0.8461
78 0.8696
79 0.8645
80 0.8621
81 0.8437
82 0.8607
83 0.8557
84 0.8414
85 0.8445
86 0.851
87 0.8494
88 0.8539
89 0.8598
90 0.8531
91 0.8495
92 0.8526
93 0.853
94 0.8681
95 0.8657
96 0.8683
97 0.867
98 0.871
99 0.866
100 0.8651
101 0.8607
102 0.8649
103 0.8687
104 0.8739
105 0.8656
106 0.8696
107 0.8667
108 0.8731
109 0.8688
110 0.8641
111 0.8779
112 0.8702
113 0.8639
114 0.8713
115 0.871
116 0.8788
117 0.8707
118 0.8706
119 0.8759
120 0.8708
121 0.8742
122 0.8721
123 0.8691
124 0.8703
125 0.8786
126 0.8698
127 0.8689
128 0.8698
129 0.8714
130 0.8724
131 0.8739
132 0.8649
133 0.8732
134 0.8706
135 0.8632
136 0.8714
137 0.8747
138 0.8747
139 0.8687
140 0.8679
141 0.8604
142 0.871
143 0.868
144 0.8738
145 0.8683
146 0.865
147 0.88
148 0.8736
149 0.866
150 0.8649
151 0.8721
152 0.8727
153 0.8728
154 0.8687
155 0.8721
156 0.8719
157 0.8727
158 0.8746
159 0.8775
160 0.8781
161 0.8751
162 0.8699
163 0.8745
164 0.8815
165 0.8815
166 0.8737
167 0.8773
168 0.8738
169 0.8705
170 0.8781
171 0.8767
172 0.8758
173 0.8776
174 0.8792
175 0.8799
176 0.8818
177 0.8791
178 0.8641
179 0.8755
180 0.8611
181 0.879
182 0.87
183 0.8683
184 0.876
185 0.8776
186 0.8786
187 0.872
188 0.8766
189 0.8797
190 0.8809
191 0.8737
192 0.8722
193 0.8805
194 0.8713
195 0.88
196 0.8748
197 0.8727
198 0.881
199 0.8752
200 0.8805
201 0.8823
202 0.8775
203 0.8765
204 0.8819
205 0.8901
206 0.8789
207 0.8806
208 0.8736
209 0.8765
210 0.8791
211 0.8804
212 0.8791
213 0.8725
214 0.8836
215 0.8748
216 0.8832
217 0.8718
218 0.8834
219 0.8761
220 0.8772
221 0.8703
222 0.8783
223 0.8765
224 0.8792
225 0.8785
226 0.8763
227 0.8741
228 0.8804
229 0.8764
230 0.881
231 0.8864
232 0.8782
233 0.882
234 0.8784
235 0.8674
236 0.8804
237 0.8697
238 0.8854
239 0.8684
240 0.8766
241 0.8749
242 0.8842
243 0.8846
244 0.8899
245 0.8865
246 0.8741
247 0.8804
248 0.8778
249 0.8789
250 0.8768
251 0.8869
252 0.8639
253 0.879
254 0.8805
255 0.8776
256 0.8844
257 0.8846
258 0.8776
259 0.8862
260 0.8771
261 0.8742
262 0.8881
263 0.8832
264 0.8821
265 0.8776
266 0.8884
267 0.8873
268 0.8898
269 0.8846
270 0.8874
271 0.881
272 0.8766
273 0.8876
274 0.8871
275 0.8803
276 0.8825
277 0.8791
278 0.888
279 0.8765
280 0.8949
281 0.8873
282 0.8251
283 0.8893
284 0.8734
285 0.8834
286 0.883
287 0.8739
288 0.8785
289 0.8852
290 0.8809
291 0.8841
292 0.8894
293 0.8751
294 0.8854
295 0.8885
296 0.8845
297 0.8798
298 0.8913
299 0.8861
300 0.8895
301 0.8888
302 0.8755
303 0.8882
304 0.8818
305 0.8766
306 0.8854
307 0.8816
308 0.8778
309 0.8736
310 0.8871
311 0.8807
312 0.8886
313 0.8741
314 0.8835
315 0.8802
316 0.8875
317 0.8817
318 0.8899
319 0.8836
320 0.8821
321 0.8772
322 0.8888
323 0.8904
324 0.868
325 0.877
326 0.8894
327 0.8875
328 0.8838
329 0.8754
330 0.8856
331 0.8828
332 0.8764
333 0.8863
334 0.8869
335 0.8775
336 0.8806
337 0.8732
338 0.8769
339 0.888
340 0.8824
341 0.8799
342 0.8873
343 0.8826
344 0.8678
345 0.8837
346 0.8787
347 0.8863
348 0.8786
349 0.8762
350 0.8848
351 0.8839
352 0.8819
353 0.8852
354 0.8844
355 0.8632
356 0.8829
357 0.8881
358 0.8859
359 0.882
360 0.874
361 0.8802
362 0.8873
363 0.8852
364 0.8837
365 0.8796
366 0.8843
367 0.8808
368 0.8772
369 0.8826
370 0.8793
371 0.8788
372 0.8804
373 0.5344
374 0.8779
375 0.8843
376 0.8736
377 0.8832
378 0.8807
379 0.8905
380 0.8881
381 0.8845
382 0.8773
383 0.8822
384 0.8795
385 0.8777
386 0.8629
387 0.8843
388 0.8523
389 0.8742
390 0.8761
391 0.8594
392 0.8824
393 0.8802
394 0.8511
395 0.884
396 0.8535
397 0.8843
398 0.8855
399 0.8839
best accuracy: 0.8949 280
time for 50 epoch:  11472.967910051346