0 0.1219
1 0.1948
2 0.2533
3 0.2464
4 0.3799
5 0.4198
6 0.4562
7 0.5012
8 0.5261
9 0.5472
10 0.5908
11 0.6383
12 0.6374
13 0.6556
14 0.6561
15 0.6674
16 0.6994
17 0.7176
18 0.747
19 0.7308
20 0.7689
21 0.7396
22 0.7377
23 0.7416
24 0.7867
25 0.7545
26 0.7903
27 0.8055
28 0.8069
29 0.8221
30 0.8218
31 0.8233
32 0.8172
33 0.8363
34 0.8304
35 0.8344
36 0.8287
37 0.8256
38 0.8392
39 0.842
40 0.8396
41 0.8415
42 0.834
43 0.8338
44 0.8451
45 0.8482
46 0.8495
47 0.8425
48 0.8559
49 0.8389
50 0.8515
51 0.8536
52 0.8561
53 0.8606
54 0.8472
55 0.8481
56 0.8445
57 0.8667
58 0.8494
59 0.8589
60 0.8527
61 0.8605
62 0.8388
63 0.8615
64 0.8582
65 0.8561
66 0.8495
67 0.8438
68 0.8573
69 0.8583
70 0.8507
71 0.8627
72 0.86
73 0.8409
74 0.8509
75 0.8573
76 0.8656
77 0.8587
78 0.852
79 0.8495
80 0.8573
81 0.8449
82 0.855
83 0.855
84 0.8612
85 0.849
86 0.8522
87 0.8593
88 0.8609
89 0.8641
90 0.8565
91 0.8572
92 0.8651
93 0.8694
94 0.8642
95 0.8767
96 0.875
97 0.8709
98 0.8708
99 0.8715
100 0.8712
101 0.8733
102 0.8647
103 0.8701
104 0.8679
105 0.8772
106 0.8695
107 0.8706
108 0.8731
109 0.8643
110 0.8728
111 0.8726
112 0.8777
113 0.8716
114 0.8765
115 0.8762
116 0.8729
117 0.8665
118 0.8661
119 0.8743
120 0.8789
121 0.8801
122 0.8725
123 0.8685
124 0.8753
125 0.8755
126 0.8853
127 0.8703
128 0.8766
129 0.8751
130 0.8707
131 0.8731
132 0.8694
133 0.8771
134 0.8761
135 0.8773
136 0.8754
137 0.8782
138 0.8821
139 0.8863
140 0.87
141 0.8763
142 0.8681
143 0.8743
144 0.8669
145 0.8731
146 0.8711
147 0.8792
148 0.8742
149 0.8758
150 0.8761
151 0.8775
152 0.8748
153 0.8757
154 0.8734
155 0.866
156 0.8759
157 0.873
158 0.8729
159 0.8814
160 0.8778
161 0.8684
162 0.8809
163 0.8751
164 0.877
165 0.8864
166 0.8699
167 0.8749
168 0.8786
169 0.8702
170 0.8723
171 0.8806
172 0.8736
173 0.8808
174 0.8778
175 0.8833
176 0.8823
177 0.8779
178 0.8661
179 0.8805
180 0.8795
181 0.8804
182 0.8794
183 0.8777
184 0.8816
185 0.8682
186 0.8704
187 0.8803
188 0.8758
189 0.878
190 0.876
191 0.8754
192 0.8851
193 0.881
194 0.8855
195 0.8795
196 0.8824
197 0.8778
198 0.8776
199 0.8716
200 0.8796
201 0.8846
202 0.8792
203 0.8742
204 0.8699
205 0.8815
206 0.8786
207 0.8724
208 0.8838
209 0.8845
210 0.881
211 0.8867
212 0.8854
213 0.8819
214 0.8717
215 0.8781
216 0.8776
217 0.888
218 0.8819
219 0.8814
220 0.8776
221 0.8774
222 0.869
223 0.8809
224 0.8843
225 0.8909
226 0.8766
227 0.8787
228 0.8873
229 0.8846
230 0.8765
231 0.8765
232 0.8883
233 0.8738
234 0.8796
235 0.8865
236 0.8839
237 0.878
238 0.8843
239 0.8775
240 0.8798
241 0.8845
242 0.8835
243 0.8812
244 0.876
245 0.8771
246 0.8813
247 0.8586
248 0.8799
249 0.873
250 0.8864
251 0.8837
252 0.8891
253 0.8719
254 0.8827
255 0.8802
256 0.8767
257 0.8849
258 0.881
259 0.8781
260 0.8875
261 0.8834
262 0.8852
263 0.8757
264 0.8838
265 0.8733
266 0.8842
267 0.8887
268 0.8785
269 0.8742
270 0.8876
271 0.8838
272 0.8824
273 0.8796
274 0.8758
275 0.8789
276 0.8854
277 0.8791
278 0.8762
279 0.8722
280 0.8834
281 0.8864
282 0.8925
283 0.8835
284 0.8889
285 0.8801
286 0.8812
287 0.8796
288 0.881
289 0.8833
290 0.8862
291 0.8858
292 0.8793
293 0.8923
294 0.8794
295 0.88
296 0.8888
297 0.8829
298 0.879
299 0.8864
300 0.8864
301 0.8807
302 0.8923
303 0.8865
304 0.8893
305 0.8859
306 0.8836
307 0.874
308 0.8863
309 0.885
310 0.8866
311 0.8849
312 0.8828
313 0.8817
314 0.8851
315 0.8837
316 0.8873
317 0.8857
318 0.8799
319 0.8817
320 0.8832
321 0.8841
322 0.8813
323 0.8852
324 0.8886
325 0.8898
326 0.8863
327 0.8899
328 0.8895
329 0.8885
330 0.8829
331 0.8838
332 0.8857
333 0.8842
334 0.887
335 0.8852
336 0.883
337 0.8917
338 0.8825
339 0.884
340 0.8812
341 0.8891
342 0.8869
343 0.8855
344 0.891
345 0.8883
346 0.8887
347 0.8871
348 0.8818
349 0.8826
350 0.8794
351 0.8884
352 0.8865
353 0.8796
354 0.8863
355 0.8755
356 0.8809
357 0.8879
358 0.8898
359 0.8826
360 0.8902
361 0.89
362 0.8872
363 0.8855
364 0.8842
365 0.8822
366 0.8802
367 0.8843
368 0.888
369 0.8885
370 0.8885
371 0.8873
372 0.8897
373 0.8868
374 0.879
375 0.89
376 0.8921
377 0.8877
378 0.8852
379 0.887
380 0.889
381 0.885
382 0.8826
383 0.8903
384 0.8925
385 0.8808
386 0.8809
387 0.8868
388 0.8862
389 0.8795
390 0.8872
391 0.8884
392 0.8807
393 0.8838
394 0.8767
395 0.8908
396 0.888
397 0.8854
398 0.8814
399 0.895
best accuracy: 0.895 399
time for 50 epoch:  11346.79558634758